3.4249511846383102e-06 0 
0.15409780553223776 10 
0.1602646244472278 20 
0.21882601435016547 30 
0.21882601435016547 40 
0.2644234339193568 50 
0.2644234339193568 60 
0.2644234339193568 70 
0.6417482836194527 80 
0.6417482836194527 90 
0.6417482836194527 100 
0.7965430881119782 110 
0.7965430881119782 120 
0.7965430881119782 130 
0.7965430881119782 140 
0.7965430881119782 150 
0.7965430881119782 160 
0.7965430881119782 170 
0.7965430881119782 180 
0.7965430881119782 190 
0.7965430881119782 200 
0.7965430881119782 210 
0.7965430881119782 220 
0.7965430881119782 230 
0.7965430881119782 240 
0.7965430881119782 250 
0.7965430881119782 260 
0.7965430881119782 270 
0.7965430881119782 280 
0.7965430881119782 290 
0.7965430881119782 300 
0.7965430881119782 310 
0.7965430881119782 320 
0.7965430881119782 330 
0.7965430881119782 340 
0.7965430881119782 350 
0.7965430881119782 360 
0.7965430881119782 370 
0.7965430881119782 380 
0.7965430881119782 390 
0.7965430881119782 400 
0.7965430881119782 410 
0.7965430881119782 420 
0.7965430881119782 430 
0.7965430881119782 440 
0.7965430881119782 450 
0.7965430881119782 460 
0.7965430881119782 470 
0.7965430881119782 480 
0.7965430881119782 490 
0.7965430881119782 500 
0.7965430881119782 510 
0.7965430881119782 520 
0.7965430881119782 530 
0.7965430881119782 540 
0.7965430881119782 550 
0.7965430881119782 560 
0.7965430881119782 570 
0.7965430881119782 580 
0.7965430881119782 590 
0.7965430881119782 600 
0.7965430881119782 610 
0.7965430881119782 620 
0.7965430881119782 630 
0.7965430881119782 640 
0.7965430881119782 650 
0.7965430881119782 660 
0.7965430881119782 670 
0.7965430881119782 680 
0.7965430881119782 690 
0.7965430881119782 700 
0.7965430881119782 710 
0.7965430881119782 720 
0.7965430881119782 730 
0.7965430881119782 740 
0.7965430881119782 750 
0.7965430881119782 760 
0.7965430881119782 770 
0.7965430881119782 780 
0.7965430881119782 790 
0.7965430881119782 800 
0.7965430881119782 810 
0.7965430881119782 820 
0.7965430881119782 830 
0.7965430881119782 840 
0.7965430881119782 850 
0.7965430881119782 860 
0.7965430881119782 870 
0.7965430881119782 880 
0.7965430881119782 890 
0.7965430881119782 900 
0.7965430881119782 910 
0.7965430881119782 920 
0.7965430881119782 930 
0.7965430881119782 940 
0.7965430881119782 950 
0.7965430881119782 960 
0.7965430881119782 970 
0.7965430881119782 980 
0.7965430881119782 990 
0.7965430881119782 1000 
0.7965430881119782 1010 
0.7965430881119782 1020 
0.7965430881119782 1030 
0.7965430881119782 1040 
0.7965430881119782 1050 
0.7965430881119782 1060 
0.7965430881119782 1070 
0.7965430881119782 1080 
0.7965430881119782 1090 
0.7965430881119782 1100 
0.7965430881119782 1110 
0.7965430881119782 1120 
0.7965430881119782 1130 
0.7965430881119782 1140 
0.7965430881119782 1150 
0.7965430881119782 1160 
0.7965430881119782 1170 
0.7965430881119782 1180 
0.7965430881119782 1190 
0.7965430881119782 1200 
0.7965430881119782 1210 
0.7965430881119782 1220 
0.7965430881119782 1230 
0.7965430881119782 1240 
0.7965430881119782 1250 
0.7965430881119782 1260 
0.7965430881119782 1270 
0.7965430881119782 1280 
0.7965430881119782 1290 
0.7965430881119782 1300 
0.7965430881119782 1310 
0.7965430881119782 1320 
0.7965430881119782 1330 
0.7965430881119782 1340 
0.7965430881119782 1350 
0.7965430881119782 1360 
0.7965430881119782 1370 
0.7965430881119782 1380 
0.7965430881119782 1390 
0.7965430881119782 1400 
0.7965430881119782 1410 
0.7965430881119782 1420 
0.7965430881119782 1430 
0.7965430881119782 1440 
0.7965430881119782 1450 
0.7965430881119782 1460 
0.7965430881119782 1470 
0.7965430881119782 1480 
0.7965430881119782 1490 
0.7965430881119782 1500 
0.7965430881119782 1510 
0.7965430881119782 1520 
0.7965430881119782 1530 
0.7965430881119782 1540 
0.7965430881119782 1550 
0.7965430881119782 1560 
0.7965430881119782 1570 
0.7965430881119782 1580 
0.7965430881119782 1590 
0.7965430881119782 1600 
0.7965430881119782 1610 
0.7965430881119782 1620 
0.7965430881119782 1630 
0.7965430881119782 1640 
0.7965430881119782 1650 
0.7965430881119782 1660 
0.7965430881119782 1670 
0.7965430881119782 1680 
0.7965430881119782 1690 
0.7965430881119782 1700 
0.7965430881119782 1710 
0.7965430881119782 1720 
0.7965430881119782 1730 
0.7965430881119782 1740 
0.7965430881119782 1750 
0.7965430881119782 1760 
0.7965430881119782 1770 
0.7965430881119782 1780 
0.7965430881119782 1790 
0.7965430881119782 1800 
0.7965430881119782 1810 
0.7965430881119782 1820 
0.7965430881119782 1830 
0.7965430881119782 1840 
0.7965430881119782 1850 
0.7965430881119782 1860 
0.7965430881119782 1870 
0.7965430881119782 1880 
0.7965430881119782 1890 
0.7965430881119782 1900 
0.7965430881119782 1910 
0.7965430881119782 1920 
0.7965430881119782 1930 
0.7965430881119782 1940 
